47.42338
19.08694
46.36528
17.79053
52.72568
6.99183
47.47699
19.05759
7.13581
80.11042
50.93521
-1.39381
47.47699
19.05759
45.8511
18.25108
47.47722
19.05756
47.48139
19.056
50.65793
14.98705
-41.21043
174.86595
47.33286
18.93481
50.72358
23.22372
50.72358
23.22383
47.47699
19.05759
47.04961
17.87969
51.5839
-2.63123
47.13795
17.74367
47.39544
18.9936
39.94184
32.8156
47.47699
19.05759
47.77255
19.93474
29.19053
-81.03516
47.45515
18.99294
47.73271
18.72725
47.11734
17.73434
24.91042
121.28082
24.671
121.77486
47.47699
19.05759
47.457
19.13041
47.57653
19.51172
47.47699
19.05759
-34.76094
138.66381
23.10903
-82.42539
33.53597
-7.55059
47.57247
18.40436
42.16781
-71.88972
46.71756
18.66474
48.00961
20.22963
15.61159
32.53867
43.77168
11.43712
-21.2678
55.53117
47.8078
18.80895
53.27664
-2.93417
-27.53971
153.20035
47.09896
17.89124
47.40619
18.90672
52.38398
10.54001
51.42405
0.00704
49.72803
8.95798
45.08904
25.22461
48.25973
21.89988
32.60037
-85.48687
47.47699
19.05759
41.61575
2.29509
47.72085
20.41195
40.27953
21.57715
35.38413
139.61019
46.78819
17.83828
43.46008
12.20645
35.83562
139.29736
47.86477
2.18628
-84.40594
167.34375
48.00389
19.82725
45.64093
-0.62622
51.97758
-0.6942
52.48003
-0.89899
50.38623
-3.6436
52.75627
-1.21678
48.29907
20.73386
41.9268
-87.68188
-26.52023
29.20076
47.09628
17.57263
47.52829
19.06838
44.21051
12.24229
47.52763
19.071
48.2515
20.62644
47.32591
18.22057
47.44542
21.4003
47.93833
21.70343
47.47699
19.05759
47.47699
19.05759
47.13224
16.84117
47.61047
17.25282
47.67816
16.57794
41.24477
16.69922
47.74146
18.71899
47.81076
18.78263
47.78681
18.7725
47.47699
19.05759
47.81
18.74699
46.80006
17.33643
47.47699
19.05759
47.14239
17.62224
46.88755
17.97155
47.47699
19.05759
46.23687
17.35906
47.47699
19.05759
46.08419
18.24709
47.54988
19.08651
47.47699
19.05759
46.58685
17.40739
48.31791
8.4581
47.43384
19.21011
47.34317
19.03893
47.47699
19.05759
47.47699
19.05759
47.43471
19.22024
47.46871
19.10079
47.47699
19.05759
39.92659
32.83813
47.44109
19.12132
47.44009
19.11698
47.41778
19.01789
47.47699
19.05759
47.46405
19.11454
47.77902
19.93126
47.84898
19.69816
48.06718
19.29919
47.47699
19.05759
47.77968
19.91255
47.10156
19.79882
47.49107
19.34585
47.12108
20.20108
47.31338
18.90734
47.41996
18.88782
47.47699
19.05759
47.37773
18.9241
47.39068
19.20856
46.67809
21.07226
47.34498
19.04034
13.9234
2.10938
46.75179
20.03934
46.43363
19.48571
48.12943
20.28076
47.77896
19.91208
-26.56888
151.84204
47.45781
7.4707
46.43619
20.32337
47.55029
19.08626
47.54548
21.6759
47.46216
18.81571
47.67557
16.58392
46.87636
16.74475
47.47699
19.05759
47.47699
19.05759
47.7186
18.65543
47.47699
19.05759
46.37631
18.17267
46.38078
18.15954
47.12116
18.36712
47.12119
18.36705
47.47699
19.05759
47.5281
19.11497
47.50624
19.13844
47.67582
18.49372
47.47699
19.05759
47.50595
19.06746
47.46851
19.10102
47.41984
18.88769
47.47699
19.05759
10.14193
7.03125
48.25508
20.61822
47.47699
19.05759
13.81541
100.56885
46.19243
18.957
47.57742
17.07507
47.47699
19.05759
45.02352
7.521
47.53533
21.6357
47.17478
18.41858
45.76752
12.2168
37.92077
139.12155
35.76915
139.83945
33.86853
130.71886
43.13273
141.3605
46.68273
21.10802
46.7063
21.18059
47.49354
19.02489
49.84634
-119.55932
47.47699
19.05759
47.67499
19.14215
37.63857
-75.75142
34.05149
131.06053
47.67981
19.07735
47.47699
19.05759
36.25665
139.15041
36.38591
139.83398
45.01087
-124.00612
49.15297
41.13281
42.1129
-88.27064
40.24599
-85.69336
49.1817
16.61133
42.16025
-71.76493
47.47699
19.05759
-3.41164
-39.02997
42.81152
-83.67188
39.38911
-85.40411
41.37921
-71.98198
46.77596
17.25085
47.47699
19.05759
46.71807
18.6647
47.66097
17.65361
47.40931
18.90197
46.78337
16.67971
47.53783
19.19819
46.66408
14.25721
26.8656
80.98658
45.97838
12.29924
47.47699
19.05759
-38.72412
-62.24493
46.31658
16.52344
51.35883
-2.38315
25.72223
-80.4327
47.16276
19.78643
47.47699
19.05759
54.03894
44.9282
35.42487
-78.68889
52.75624
-1.21686
37.31721
-122.0354
47.66567
19.31916
-82.85338
73.125
-12.55456
30.58594
47.75342
18.47074
42.6397
-73.57164
48.00228
20.91486
47.20715
18.46694
46.07323
18.2373
28.05949
-82.77132
15.49603
32.49756
47.47699
19.05759
46.45486
17.00272
47.47699
19.05759
61.69834
27.24043
47.47699
19.05759
47.38032
11.83895
47.47699
19.05759
48.26126
19.81934
48.28685
19.69299
51.06311
5.12787
50.57975
4.70901
47.47699
19.05759
51.9931
4.38728
47.47699
19.05759
47.40773
19.00553
46.67206
21.08276
48.10743
16.34766
-34.8119
138.61149
37.73597
-25.62012
51.9602
5.85643
51.5895
4.65417
46.27144
20.15055
51.75665
-1.24595
47.47699
19.05759
47.46568
19.04655
48.09508
20.80631
47.47699
19.05759
-19.45262
-44.25421
59.44508
-1.93359
31.1282
-79.01367
47.71531
18.01483
47.68892
18.87289
47.47699
19.05759
47.46866
19.10076
47.47699
19.05759
47.49453
18.62262
32.27784
-90.19775
47.47699
19.05759
55.83292
37.43111
47.52307
19.0166
51.3588
-2.38314
47.46837
19.01613
46.45332
19.46249
35.72628
139.42061
46.66976
21.10278
15.79225
32.73926
38.08934
23.80518
35.84441
139.80171
-82.30889
-163.125
47.3823
18.86741
46.07323
17.66602
46.52087
17.68037
42.20021
142.68273
47.50775
18.98922
21.03078
105.78269
49.71027
-1.82373
47.65732
19.25787
35.76915
139.83946
21.48851
-159.16992
47.32657
19.04254
47.43868
19.22264
46.70329
19.85247
46.78343
16.67965
46.91275
19.62158
62.00993
129.61567
54.03895
44.92822
48.63832
22.33483
43.69859
-79.43115
47.47699
19.05759
48.86101
-123.6429
49.86632
-119.63013
45.90219
-64.39319
-22.83179
-43.00622
46.67064
21.06457
12.66178
77.58545
12.94032
77.56348
42.25476
-83.18953
41.45067
-81.803
40.6599
-73.46841
32.85102
-85.82551
-15.59552
-56.08527
18.39623
-66.09375
47.66226
23.56649
47.65799
23.57666
47.47699
19.05759
45.24578
19.82376
36.13566
-5.35034
47.47699
19.05759
47.31562
18.90545
-36.89335
174.63927
47.562
19.05598
